# R script for Peak Model
#  -- generated by MACS
p <- c(0.042795964033862856,0.04893053908308551,0.05418874626813351,0.05944695345318151,0.06528940588101262,0.058570585589006845,0.05740209510344062,0.05550329806439551,0.053312378403958846,0.05302025578256729,0.05243601053978418,0.052728133161175736,0.05302025578256729,0.053896623646741956,0.0549190528216124,0.05930089214248573,0.06324454753127173,0.06660395767727462,0.0667500189879704,0.06952518389119017,0.0712779196195395,0.07507551369762971,0.07609794287250016,0.07697431073667482,0.07639006549389171,0.07609794287250016,0.07522157500832549,0.07157004224093105,0.0731767166585846,0.07142398093023528,0.07186216486232261,0.06850275471631972,0.06923306126979861,0.06791850947353661,0.06850275471631972,0.06777244816284084,0.06704214160936195,0.06835669340562395,0.06718820292005773,0.06821063209492817,0.06850275471631972,0.0686488160270155,0.0673342642307535,0.06850275471631972,0.06689608029866617,0.06528940588101262,0.06309848622057596,0.06397485408475062,0.06441303801683795,0.06251424097779283,0.05988513738526884,0.05944695345318151,0.05871664689970262,0.05798634034622373,0.05842452427831107,0.05930089214248573,0.05769421772483217,0.05652572723926595,0.05564935937509129,0.054042684957437734,0.0562336046178744,0.05506511413230818,0.054480868889525066,0.05302025578256729,0.05126752005421796,0.05258207185047996,0.054042684957437734,0.05170570398630529,0.051559642675609516,0.054480868889525066,0.05126752005421796,0.05024509087934752,0.05170570398630529,0.05375056233604618,0.05681784986065751,0.05681784986065751,0.05842452427831107,0.05871664689970262,0.05988513738526884,0.059154830831789955,0.06192999573500973,0.06426697670614218,0.06339060884196751,0.06295242490988018,0.060907566560139285,0.062076057045705506,0.06046938262805195,0.06397485408475062,0.06558152850240417,0.06485122194892529,0.06426697670614218,0.06616577374518728,0.06879487733771128,0.06923306126979861,0.06879487733771128,0.0667500189879704,0.07010942913397328,0.06952518389119017,0.06806457078423239,0.06850275471631972,0.06967124520188595,0.06572758981309995,0.06368273146335907,0.06266030228848861,0.06499728325962106,0.06441303801683795,0.06003119869596462,0.05740209510344062,0.05550329806439551,0.05316631709326307,0.050975397432826405,0.05053721350073907,0.04893053908308551,0.048784477772389735,0.0483462938403024,0.04936872301517285,0.049806906947260185,0.05258207185047996,0.053458439714654624,0.05667178854996173,0.05681784986065751,0.057548156414136395,0.05930089214248573,0.06134575049222662,0.06061544393874773,0.05944695345318151,0.05959301476387729,0.05769421772483217,0.0562336046178744,0.05477299151091662,0.05316631709326307,0.05170570398630529,0.04966084563656441,0.04630143549056152,0.0451329450049953,0.04498688369429952,0.043526270587341744,0.04294202534455863,0.04294202534455863,0.042795964033862856,0.04425657714082063,0.04498688369429952,0.04659355811195307,0.047615987286823515,0.0483462938403024,0.04849235515099818,0.05126752005421796,0.05068327481143485,0.05141358136491374,0.05053721350073907,0.05024509087934752,0.05199782660769685,0.051559642675609516,0.05170570398630529,0.050391152190043295,0.05170570398630529,0.05126752005421796,0.05433480757882929,0.053896623646741956,0.054042684957437734,0.05302025578256729,0.053458439714654624,0.054042684957437734,0.054042684957437734,0.056963911171353285,0.05550329806439551,0.054042684957437734,0.05170570398630529,0.052143887918392626,0.052143887918392626,0.05287419447187151,0.052143887918392626,0.05141358136491374,0.05112145874352218,0.05126752005421796,0.05170570398630529,0.05243601053978418,0.05418874626813351,0.05433480757882929,0.05535723675369973,0.05550329806439551,0.05564935937509129,0.0562336046178744,0.05535723675369973,0.053896623646741956,0.054042684957437734,0.05681784986065751,0.05784027903552795,0.058132401656919505,0.05988513738526884,0.06295242490988018,0.0641209153954464,0.06587365112379573,0.06806457078423239,0.06850275471631972,0.06923306126979861,0.06967124520188595,0.0686488160270155,0.0699633678232775,0.07040155175536483,0.06835669340562395,0.06762638685214506,0.06689608029866617,0.0673342642307535,0.07010942913397328,0.06923306126979861,0.07025549044466906,0.07083973568745217,0.07113185830884372,0.06981730651258172,0.07069367437675639,0.06937912258049439,0.07157004224093105,0.07054761306606061,0.06587365112379573,0.06791850947353661,0.0660197124344915,0.06368273146335907,0.060907566560139285,0.05842452427831107,0.057548156414136395,0.05827846296761529,0.05608754330717862,0.056379665928570175,0.05900876952109418,0.05652572723926595,0.0549190528216124,0.056963911171353285,0.058570585589006845,0.058132401656919505,0.05769421772483217,0.05667178854996173,0.055211175443003954,0.05477299151091662,0.054042684957437734,0.05477299151091662,0.05316631709326307,0.05141358136491374,0.05112145874352218,0.05302025578256729,0.05506511413230818,0.05652572723926595,0.0562336046178744,0.05798634034622373,0.05944695345318151,0.0588627082103984,0.06178393442431395,0.06222211835640128,0.06266030228848861,0.06309848622057596,0.062076057045705506,0.06251424097779283,0.06528940588101262,0.06324454753127173,0.06309848622057596,0.06309848622057596,0.06222211835640128,0.06295242490988018,0.0628063635991844,0.061491811802922396,0.06134575049222662,0.06076150524944351,0.05827846296761529,0.05871664689970262,0.05769421772483217,0.05725603379274484,0.05725603379274484,0.059154830831789955,0.05740209510344062,0.05900876952109418,0.059154830831789955,0.058132401656919505,0.05900876952109418,0.05930089214248573,0.058132401656919505,0.059739076074573065,0.05959301476387729,0.0588627082103984,0.06076150524944351,0.059739076074573065,0.06076150524944351,0.06295242490988018,0.06426697670614218,0.06353667015266329,0.06470516063822951,0.06514334457031684,0.06455909932753373,0.06192999573500973,0.06382879277405484,0.06382879277405484,0.06236817966709706,0.06192999573500973,0.06192999573500973,0.06382879277405484,0.06616577374518728,0.06587365112379573,0.06762638685214506,0.07010942913397328,0.06777244816284084,0.06923306126979861,0.07098579699814794,0.07186216486232261,0.07040155175536483,0.07040155175536483,0.06806457078423239,0.0699633678232775,0.07083973568745217,0.07171610355162683,0.0712779196195395,0.07200822617301839,0.06981730651258172,0.06937912258049439,0.07010942913397328,0.06981730651258172,0.06937912258049439,0.06937912258049439,0.06894093864840706,0.06981730651258172,0.07040155175536483,0.07083973568745217,0.07492945238693394,0.07639006549389171,0.07682824942597904,0.0771203720473706,0.07799673991154527,0.07609794287250016,0.07697431073667482,0.07595188156180438,0.07755855597945793,0.07697431073667482,0.07405308452275927,0.07419914583345505,0.07741249466876216,0.07624400418319593,0.07726643335806638,0.0771203720473706,0.07770461729015371,0.07624400418319593,0.07624400418319593,0.07595188156180438,0.07726643335806638,0.07565975894041282,0.07069367437675639,0.07463732976554238,0.07492945238693394,0.07492945238693394,0.07434520714415083,0.07624400418319593,0.07624400418319593,0.0771203720473706,0.07755855597945793,0.07799673991154527,0.07945735301850304,0.07682824942597904,0.07916523039711149,0.08121008874685239,0.08267070185381016,0.08121008874685239,0.08135615005754816,0.08106402743615661,0.07887310777571993,0.07945735301850304,0.07916523039711149,0.07872704646502415,0.07522157500832549,0.07288459403719305,0.06981730651258172,0.06908699995910283,0.06587365112379573,0.06382879277405484,0.06353667015266329,0.061491811802922396,0.06236817966709706,0.05988513738526884,0.05959301476387729,0.06105362787083506,0.0628063635991844,0.06441303801683795,0.06616577374518728,0.06806457078423239,0.06718820292005773,0.06821063209492817,0.06894093864840706,0.07098579699814794,0.07113185830884372,0.06894093864840706,0.06718820292005773,0.06704214160936195,0.06718820292005773,0.06704214160936195,0.06894093864840706,0.06821063209492817,0.06850275471631972,0.07157004224093105,0.07069367437675639,